110,5
110,4
110,3
110,2
110,1
110,0
106,5
106,4
106,3
106,2
106,1
106,0
99,4
99,3
99,2
99,1
99,0
94,7
94,6
94,5
94,3
94,2
94,1
94,0
86,7
86,6
86,5
86,4
86,3
86,2
86,1
86,0
34,3
34,2
34,1
34,0
32,4
32,3
32,2
32,1
32,0
30,3
30,2
30,1
30,0
26,3
26,2
26,1
26,0
14,5
14,4
14,3
14,2
14,1
14,0
11,5
11,4
11,3
11,2
11,1
11,0
10,23
10,22
10,21
10,20
10,19
10,18
10,17
10,16
10,15
10,14
10,13
10,12
10,11
10,10
10,9
10,8
10,7
10,6
10,5
10,4
10,3
10,2
10,1
10,0
5,3
5,2
5,1
5,0
4,3
2,9
2,8
2,7
2,5
2,4
2,3
2,2
2,1
2,0
1,3
0,408
0,319
0,316
0,306
0,243
0,9
0,310
0,305
0,308
0,304
0,303
0,302
0,307
0,12
0,447
0,10
0,8
122,3
0,322
0,0
0,1
0,418
0,300
0,317
0,299
0,385
0,298
0,313
0,297
0,413
0,296
0,383
0,295
0,411
0,294
0,386
0,293
0,347
0,292
0,410
0,291
0,440
0,290
0,405
0,289
0,352
0,288
0,334
0,287
0,402
0,286
0,401
0,285
0,363
0,284
0,443
0,283
0,282
0,315
0,281
0,379
0,280
0,430
0,279
0,390
0,278
0,366
0,277
0,320
0,276
0,396
0,275
115,0
115,1
115,3
115,4
115,6
117,0
117,2
117,4
118,0
118,2
118,3
118,5
118,7
118,8
118,11
118,12
120,0
120,1
120,3
120,5
120,7
121,1
121,2
121,4
121,6
121,7
122,1
122,2
123,0
123,1
123,3
123,5
129,0
129,2
129,3
129,5
129,7
129,8
129,10
129,11
131,1
131,2
131,4
132,1
132,2
132,4
132,5
140,0
140,2
140,3
141,0
141,1
141,3
141,5
141,7
142,1
142,2
142,4
142,6
144,1
144,3
144,4
147,1
147,2
147,4
147,6
148,0
148,2
148,3
148,5
148,6
150,1
150,3
150,4
153,1
153,2
153,4
156,1
156,2
156,4
159,0
159,2
159,3
160,0
160,2
160,3
160,5
160,6
160,8
160,10
160,11
160,13
160,14
160,16
160,18
160,19
160,21
160,22
160,24
160,25
160,27
160,29
160,30
162,0
162,1
162,3
162,5
162,6
162,7
162,4
162,2
160,31
160,28
160,26
160,23
160,20
160,17
160,15
160,12
160,9
160,7
160,4
160,1
159,4
159,1
156,3
156,0
153,3
153,0
150,2
150,0
148,4
148,1
147,5
147,3
147,0
144,2
144,0
142,3
142,0
141,4
141,2
140,4
140,1
132,6
132,3
132,0
131,3
131,0
129,9
129,6
129,4
129,1
123,4
123,2
122,4
122,0
121,5
121,3
121,0
120,4
120,2
118,13
118,10
118,6
118,4
118,1
117,3
117,1
115,5
115,2
0,370
0,274
0,362
0,273
0,377
0,272
0,427
0,271
0,368
0,270
0,269
0,326
0,268
0,367
0,267
0,360
0,266
0,433
0,265
0,324
0,264
0,375
0,263
0,358
0,262
0,345
0,261
0,384
0,260
0,435
0,259
0,321
0,258
0,381
0,257
0,314
0,256
0,412
0,255
0,354
0,254
0,404
0,253
0,376
0,252
0,353
0,251
0,374
0,250
0,425
0,249
0,359
0,248
0,312
0,247
0,437
0,246
0,350
0,245
0,301
0,244
0,369
0,242
0,446
0,241
0,338
0,240
0,397
0,239
0,342
0,238
0,328
0,237
0,429
0,236
0,364
0,235
0,357
0,234
0,331
0,233
0,361
0,232
0,420
0,231
0,426
0,230
0,407
0,229
0,349
0,228
0,444
0,227
0,226
0,417
0,225
0,340
0,224
0,406
0,223
0,399
0,222
0,336
0,221
0,423
0,220
0,422
0,219
0,439
0,218
0,436
0,217
0,346
0,216
0,348
0,215
0,351
0,214
0,434
0,213
0,398
0,212
0,344
0,211
0,421
0,210
0,356
0,209
0,445
0,208
0,392
0,207
0,442
0,206
0,389
0,205
0,339
0,204
0,309
0,203
0,337
0,202
0,388
0,201
0,335
0,200
0,343
0,199
0,333
0,198
0,332
0,197
0,327
0,196
0,395
0,195
0,414
0,194
0,373
0,193
0,380
0,192
0,355
0,63
0,323
0,62
0,403
0,61
0,416
0,60
0,365
0,59
0,371
0,58
0,330
0,57
0,341
0,56
0,400
0,55
0,329
0,54
0,415
0,53
0,393
0,52
0,432
0,51
0,325
0,50
0,382
0,49
0,387
0,48
0,311
0,47
0,372
0,46
0,378
0,45
0,318
0,6
0,5
0,11
0,4
0,2
0,3
0,7
